429,97,438,93,454,84,469,74,483,62,498,44,504,37,520,46,514,54,496,76,480,89,464,100,447,109,438,114
315,42,323,51,330,61,345,72,358,80,374,90,385,95,372,116,360,110,345,100,329,90,316,80,304,67,296,58
78,57,168,84,72,404,-17,377
275,114,314,118,313,132,273,128
477,124,491,124,516,126,536,127,551,129,568,135,586,141,587,162,568,155,546,149,533,148,515,147,490,145,476,145
276,127,341,134,339,150,274,143
274,142,281,143,291,145,299,144,310,145,316,146,324,148,323,163,316,162,308,161,299,159,288,160,280,158,272,158
472,160,613,173,611,194,471,181
254,194,288,194,288,216,254,216
492,193,608,200,605,234,490,227
241,217,297,217,297,228,241,228
524,229,607,238,606,249,523,240
720,262,766,262,766,416,720,416
212,265,604,283,598,416,206,398
15,494,28,501,51,510,76,516,97,517,123,513,137,511,141,536,127,539,97,543,72,542,43,535,18,525,5,518
226,511,587,514,586,585,226,581
641,522,658,525,685,528,694,529,718,527,734,525,755,521,761,543,740,547,722,549,695,552,681,551,656,548,639,544
610,629,627,628,636,810,619,811
